Lora,91.16827,74.27709,83.10219,78.70932,99.50000,68.09076,97.82061
Shane,96.27654,90.44817,76.83948,82.80498,99.19662,76.80148
Darlene,71.35128,57.29272,64.56298
Dewey,93.19711,86.58607,87.02029
Roland,93.07424,80.89369,79.95185,72.05921,74.48264
Julius,88.60766,91.35069,76.22711,81.99118,86.27559,87.24161
Dorothy,79.84176,69.15547,89.48449,99.50000,90.85275
Carole,82.51262,86.16634,78.13999,79.68096
George,80.84379,87.12273,75.19364,85.08583,58.59799,74.04866,81.05947
Jamie,93.38117,94.37547,86.72314,72.87379,91.71980,79.96942,72.75776
Al,75.81268,86.52563,84.49539,81.23822,81.78464,75.40006,82.76450
Rhonda,86.22391,85.94796,87.61083,65.32673,94.47747,96.77989,74.46224
Gerald,73.23443,90.43181,71.15016
