Louis,75.18660,79.79155,83.66466,85.30216
Garrett,70.15580,78.91910,96.25490,86.32012,93.42293,59.96400,65.32740
Aaron,94.59959,73.02389,95.20214,81.93298
Shelly,76.86409,87.17129,92.44659,90.44175
Danielle,81.75497,70.89481,71.05887,73.77909,86.26389,76.91068
Felix,88.98737,70.61861,93.44839,91.37199,64.48713,84.16668,70.49949
Clarence,72.41173,82.02539,77.54344,82.71854,79.69089,81.31284,90.23832
Patty,84.57157,68.17303,72.41762,83.92714
Phil,74.46380,70.70493,83.67433,91.93408
Wade,91.61754,72.05197,64.11287,85.06772,70.66584,82.80729,71.31683
Misty,81.50046,87.76568,87.51894,69.71291,74.04502,73.40940,93.17822
Alton,99.07532,94.04649,81.11099,87.02661,83.12553,92.79449,86.50552
