Gloria,79.50182,83.48274,80.98639,90.29820,72.90823
Sean,86.95600,88.32136,85.61406,79.51960,99.50000
Jean,75.86856,74.62009,80.69448,65.24741,70.69589
Trevor,90.92806,62.59322,87.37090,89.62555,54.24067,65.32621,80.21008
Ashley,79.98615,63.14474,77.01955,69.61944,69.68719,81.68926,90.72490
Eduardo,86.28574,76.23850,71.15455,73.97623,79.23889,97.95562
Natalie,66.71629,95.19925,86.18502,73.48710,59.59699,93.06744,83.28428
Arlene,72.16649,95.46969,83.10853,72.77271,74.63446,99.50000,87.73684
Erik,87.67332,72.03092,78.60792
Florence,73.87626,70.09512,78.46135
Daisy,85.17238,78.69830,79.04923,87.97184,83.68621,80.88170,73.66320
